0 0.3681640625 0.173828125 0.3623046875 0.34765625
0 0.2841796875 0.34765625 0.3662109375 0.31640625
0 0.111328125 0.5419921875 0.22265625 0.4345703125
0 0.2001953125 0.8544921875 0.3681640625 0.2900390625
0 0.0390625 0.9033203125 0.078125 0.193359375
0 0.50390625 0.87109375 0.38671875 0.2578125
0 0.6796875 0.755859375 0.376953125 0.431640625
0 0.9140625 0.880859375 0.16796875 0.23828125
0 0.8740234375 0.6171875 0.2509765625 0.4091796875
0 0.8515625 0.248046875 0.296875 0.34765625
0 0.732421875 0.115234375 0.4267578125 0.2197265625
0 0.4697265625 0.58984375 0.2333984375 0.3330078125
0 0.755859375 0.4951171875 0.1806640625 0.271484375
0 0.13671875 0.1474609375 0.1640625 0.111328125
0 0.0537109375 0.28125 0.107421875 0.16796875
0 0.0400390625 0.109375 0.0791015625 0.21484375
0 0.158203125 0.0634765625 0.203125 0.126953125
0 0.4501953125 0.015625 0.1123046875 0.0302734375
0 0.9658203125 0.0693359375 0.068359375 0.115234375