0 0.583984375 0.177734375 0.40625 0.35546875
0 0.6923828125 0.3193359375 0.40625 0.365234375
0 0.875 0.486328125 0.25 0.4609375
0 0.822265625 0.8095703125 0.35546875 0.337890625
0 0.98046875 0.833984375 0.0390625 0.203125
0 0.546875 0.8564453125 0.41796875 0.287109375
0 0.357421875 0.7685546875 0.43359375 0.462890625
0 0.142578125 0.90234375 0.19921875 0.1953125
0 0.1484375 0.6669921875 0.296875 0.439453125
0 0.1435546875 0.2998046875 0.287109375 0.384765625
0 0.220703125 0.150390625 0.44140625 0.27734375
0 0.54296875 0.5849609375 0.27734375 0.361328125
0 0.24609375 0.53125 0.216796875 0.294921875
0 0.810546875 0.1005859375 0.177734375 0.1328125
0 0.9111328125 0.2216796875 0.12890625 0.181640625
0 0.9013671875 0.080078125 0.107421875 0.16015625
0 0.77734375 0.048828125 0.21875 0.09765625
0 0.4814453125 0.017578125 0.115234375 0.03515625
0 0.009765625 0.1376953125 0.01953125 0.123046875