0 0.3505859375 0.267578125 0.2841796875 0.529296875
0 0.1630859375 0.515625 0.3037109375 0.583984375
0 0.259765625 0.6953125 0.2568359375 0.5244140625
0 0.064453125 0.7529296875 0.125 0.494140625
0 0.1318359375 0.853515625 0.14453125 0.2373046875
0 0.361328125 0.8056640625 0.1591796875 0.2734375
0 0.5009765625 0.6669921875 0.302734375 0.54296875
0 0.6025390625 0.85546875 0.15234375 0.2822265625
0 0.654296875 0.2802734375 0.27734375 0.5478515625
0 0.1240234375 0.1455078125 0.2333984375 0.279296875
0 0.75390625 0.6513671875 0.283203125 0.630859375
0 0.857421875 0.794921875 0.1455078125 0.4091796875
0 0.8896484375 0.5029296875 0.220703125 0.4248046875
0 0.8544921875 0.173828125 0.2255859375 0.34765625
0 0.9443359375 0.177734375 0.1103515625 0.322265625
0 0.9560546875 0.76171875 0.087890625 0.3076171875
0 0.5244140625 0.2529296875 0.2138671875 0.3544921875
0 0.23828125 0.14453125 0.1298828125 0.220703125