0 0.6689453125 0.28125 0.330078125 0.552734375
0 0.828125 0.5439453125 0.34375 0.607421875
0 0.72265625 0.7158203125 0.30078125 0.544921875
0 0.912109375 0.7685546875 0.16796875 0.462890625
0 0.8359375 0.8798828125 0.1640625 0.240234375
0 0.611328125 0.81640625 0.181640625 0.287109375
0 0.484375 0.666015625 0.349609375 0.56640625
0 0.3671875 0.8447265625 0.17578125 0.294921875
0 0.365234375 0.2763671875 0.32421875 0.552734375
0 0.8876953125 0.1787109375 0.224609375 0.298828125
0 0.2333984375 0.62890625 0.337890625 0.65234375
0 0.1181640625 0.7626953125 0.1796875 0.419921875
0 0.1201171875 0.4677734375 0.240234375 0.443359375
0 0.1748046875 0.1630859375 0.255859375 0.326171875
0 0.0849609375 0.15234375 0.138671875 0.3046875
0 0.0400390625 0.7197265625 0.080078125 0.314453125
0 0.4970703125 0.251953125 0.244140625 0.37109375
0 0.7919921875 0.1689453125 0.1484375 0.23046875