0 0.54296875 0.37890625 0.2265625 0.21875
0 0.6162109375 0.24609375 0.2236328125 0.2255859375
0 0.701171875 0.2421875 0.109375 0.1904296875
0 0.8232421875 0.24609375 0.212890625 0.2080078125
0 0.9326171875 0.27734375 0.095703125 0.169921875
0 0.966796875 0.2861328125 0.06640625 0.1806640625
0 0.1796875 0.18359375 0.14453125 0.16796875
0 0.279296875 0.234375 0.1328125 0.154296875
0 0.376953125 0.2470703125 0.1845703125 0.16796875
0 0.4775390625 0.17578125 0.109375 0.0966796875
0 0.0673828125 0.2109375 0.1123046875 0.1416015625
0 0.0126953125 0.1982421875 0.025390625 0.1279296875
0 0.1474609375 0.322265625 0.1494140625 0.16796875
0 0.0302734375 0.337890625 0.060546875 0.1474609375
0 0.103515625 0.4228515625 0.169921875 0.1591796875
0 0.0595703125 0.544921875 0.119140625 0.181640625
0 0.181640625 0.533203125 0.154296875 0.1943359375
0 0.271484375 0.6962890625 0.2265625 0.2470703125
0 0.0830078125 0.7666015625 0.15625 0.2412109375
0 0.0615234375 0.9375 0.123046875 0.125
0 0.3056640625 0.890625 0.2568359375 0.21875
0 0.4677734375 0.740234375 0.2265625 0.251953125
0 0.4609375 0.556640625 0.216796875 0.20703125
0 0.3212890625 0.4267578125 0.166015625 0.2158203125
0 0.33984375 0.576171875 0.1328125 0.1474609375
0 0.654296875 0.560546875 0.216796875 0.2138671875
0 0.2041015625 0.43359375 0.0634765625 0.0751953125
0 0.5673828125 0.6171875 0.1357421875 0.138671875
0 0.671875 0.74609375 0.181640625 0.251953125
0 0.57421875 0.919921875 0.2236328125 0.1591796875
0 0.806640625 0.8583984375 0.2734375 0.283203125
0 0.671875 0.751953125 0.205078125 0.2578125
0 0.7939453125 0.630859375 0.16796875 0.21875
0 0.896484375 0.640625 0.2060546875 0.3466796875
0 0.943359375 0.439453125 0.11328125 0.154296875
0 0.783203125 0.42578125 0.216796875 0.2412109375