0 0.5517578125 0.3818359375 0.2421875 0.234375
0 0.6337890625 0.2548828125 0.23828125 0.240234375
0 0.71875 0.2568359375 0.123046875 0.197265625
0 0.83984375 0.26953125 0.2265625 0.22265625
0 0.9462890625 0.306640625 0.107421875 0.17578125
0 0.970703125 0.3193359375 0.05859375 0.185546875
0 0.2021484375 0.162109375 0.15625 0.177734375
0 0.298828125 0.2197265625 0.142578125 0.1640625
0 0.39453125 0.2392578125 0.1953125 0.1796875
0 0.5 0.1748046875 0.115234375 0.103515625
0 0.0888671875 0.181640625 0.12109375 0.1484375
0 0.03515625 0.1650390625 0.03515625 0.12890625
0 0.1611328125 0.2978515625 0.16015625 0.177734375
0 0.04296875 0.3056640625 0.0703125 0.150390625
0 0.109375 0.3955078125 0.1796875 0.169921875
0 0.0615234375 0.5126953125 0.123046875 0.189453125
0 0.1796875 0.5107421875 0.16796875 0.205078125
0 0.2587890625 0.6796875 0.244140625 0.26171875
0 0.0751953125 0.7373046875 0.150390625 0.251953125
0 0.048828125 0.90625 0.09765625 0.1328125
0 0.279296875 0.8759765625 0.271484375 0.236328125
0 0.451171875 0.7373046875 0.244140625 0.267578125
0 0.45703125 0.5537109375 0.23046875 0.220703125
0 0.3271484375 0.4140625 0.181640625 0.2265625
0 0.3349609375 0.564453125 0.142578125 0.15625
0 0.6494140625 0.5712890625 0.23046875 0.228515625
0 0.208984375 0.4130859375 0.068359375 0.080078125
0 0.55859375 0.6220703125 0.14453125 0.1484375
0 0.654296875 0.7578125 0.19921875 0.263671875
0 0.544921875 0.91796875 0.234375 0.1640625
0 0.78125 0.8642578125 0.29296875 0.271484375
0 0.654296875 0.763671875 0.22265625 0.271484375
0 0.7841796875 0.6513671875 0.18359375 0.23046875
0 0.884765625 0.66796875 0.23046875 0.359375
0 0.9423828125 0.4697265625 0.115234375 0.162109375
0 0.7880859375 0.4453125 0.232421875 0.255859375