0 0.4609375 0.3779296875 0.234375 0.2265625
0 0.392578125 0.2421875 0.23046875 0.232421875
0 0.3076171875 0.2353515625 0.115234375 0.193359375
0 0.185546875 0.2353515625 0.220703125 0.21484375
0 0.0751953125 0.2626953125 0.1015625 0.173828125
0 0.041015625 0.26953125 0.072265625 0.18359375
0 0.8310546875 0.1953125 0.150390625 0.173828125
0 0.7294921875 0.2421875 0.138671875 0.158203125
0 0.6318359375 0.251953125 0.189453125 0.173828125
0 0.5341796875 0.1767578125 0.11328125 0.099609375
0 0.94140625 0.2265625 0.1171875 0.14453125
0 0.9912109375 0.21484375 0.017578125 0.12890625
0 0.8583984375 0.3349609375 0.154296875 0.173828125
0 0.970703125 0.3544921875 0.05859375 0.150390625
0 0.8994140625 0.4365234375 0.17578125 0.1640625
0 0.9375 0.5595703125 0.125 0.185546875
0 0.8173828125 0.5439453125 0.16015625 0.19921875
0 0.7216796875 0.7041015625 0.234375 0.25390625
0 0.9072265625 0.78125 0.1640625 0.24609375
0 0.9228515625 0.943359375 0.126953125 0.11328125
0 0.6806640625 0.8916015625 0.263671875 0.216796875
0 0.5234375 0.7412109375 0.234375 0.259765625
0 0.537109375 0.5576171875 0.224609375 0.21484375
0 0.681640625 0.4326171875 0.173828125 0.220703125
0 0.6572265625 0.58203125 0.138671875 0.15234375
0 0.34375 0.5546875 0.224609375 0.220703125
0 0.7978515625 0.4443359375 0.06640625 0.078125
0 0.4287109375 0.615234375 0.140625 0.142578125
0 0.3193359375 0.740234375 0.189453125 0.2578125
0 0.4111328125 0.9169921875 0.228515625 0.166015625
0 0.1806640625 0.84765625 0.283203125 0.29296875
0 0.3193359375 0.74609375 0.21484375 0.265625
0 0.2021484375 0.6201171875 0.17578125 0.224609375
0 0.103515625 0.6259765625 0.20703125 0.353515625
0 0.05859375 0.4228515625 0.1171875 0.158203125
0 0.2197265625 0.416015625 0.224609375 0.248046875