0 0.3427734375 0.2724609375 0.302734375 0.5390625
0 0.1640625 0.52734375 0.32421875 0.59375
0 0.2666015625 0.703125 0.275390625 0.533203125
0 0.0732421875 0.7587890625 0.142578125 0.482421875
0 0.14453125 0.8662109375 0.15234375 0.2421875
0 0.3720703125 0.810546875 0.16796875 0.279296875
0 0.5068359375 0.6669921875 0.322265625 0.552734375
0 0.615234375 0.8515625 0.162109375 0.287109375
0 0.646484375 0.2763671875 0.296875 0.552734375
0 0.1162109375 0.1591796875 0.232421875 0.287109375
0 0.7587890625 0.642578125 0.3046875 0.640625
0 0.8671875 0.7822265625 0.16015625 0.4140625
0 0.8857421875 0.4892578125 0.228515625 0.431640625
0 0.841796875 0.169921875 0.23828125 0.33984375
0 0.931640625 0.162109375 0.12109375 0.32421875
0 0.9580078125 0.7451171875 0.083984375 0.310546875
0 0.515625 0.251953125 0.2265625 0.361328125
0 0.2255859375 0.154296875 0.13671875 0.224609375